1   1.00350569675723049956
2   2.00525394045534150612
3   2.99738219895287958115
4   3.98954703832752613240
5   4.85169491525423728813
6   5.69651741293532338308
7   6.65697674418604651162
8   7.58278145695364238410
9   8.29710144927536231884
10   9.01574803149606299212
11   9.95652173913043478260
12   10.80188679245283018867
13   11.00961538461538461538
14   11.33663366336633663366
15   11.56565656565656565656
16   11.80412371134020618556
17   12.05263157894736842105
18   12.31182795698924731182
19   12.58241758241758241758
20   12.72222222222222222222
21   13.01136363636363636363
22   13.31395348837209302325
23   13.47058823529411764705
24   13.79518072289156626506
